Accuracy: 0.08

Classification Report:
              precision    recall  f1-score   support

           0       0.00      0.00      0.00       118
           1       0.00      0.00      0.00       118
           2       0.00      0.00      0.00        63
           3       0.00      0.00      0.00        97
           4       0.09      0.05      0.06       103
           5       0.00      0.00      0.00        36
           6       0.00      0.00      0.00       117
           7       0.01      0.01      0.01       115
           8       0.00      0.00      0.00        22
           9       0.00      0.00      0.00       120
          10       0.05      0.34      0.08       118
          11       0.00      0.00      0.00       112
          12       0.00      0.00      0.00       115
          13       0.00      0.00      0.00       107
          14       0.00      0.00      0.00        96
          15       0.00      0.00      0.00       118
          16       0.07      0.58      0.12       118
          17       0.00      0.00      0.00       117
          18       0.00      0.00      0.00       115
          19       0.00      0.00      0.00       110
          20       0.00      0.00      0.00       120
          21       0.00      0.00      0.00       111
          22       0.09      0.03      0.04       116
          23       0.18      0.75      0.29       102

    accuracy                           0.08      2484
   macro avg       0.02      0.07      0.03      2484
weighted avg       0.02      0.08      0.03      2484
